1 0 -30 0
2 0 -10 0
3 0 -10 20
4 0 0 20
5 0 0 0.0
6 0 30 0
7 0 30 15
8 0 15 15
9 0 15 25
10 0 30 25
11 0 30 25
12 0 40 35
13 0 30 45
14 0 -30 45
15 0 -40 35
16 0 -30 35
17 -30 -30 0
18 -30 -10 0
19 -30 -10 20
20 -30 0 20
21 -30 0 0
22 -30 30 0
23 -30 30 15
24 -30 15 15
25 -30 15 25
26 -30 30 25
27 -30 30 35
28 -30 40 35
29 -30 30 45
30 -30 -30 45
31 -30 -40 35
32 -30 -30 35
Faces:
1 2 3 4 5 6 7 8 9 10 11 12 13 14 15 16.
17 18 19 20 21 22 23 24 25 26 27 28 29 30 21 32.
1 2 5 6 22 17.
13 14 30 29.
12 13 29 28.
15 14 30 31.
29 30 31 32 27 28.
13 14 15 16 11 12.
1 16 32 17.
15 16 32 31.
11 12 28 27.
6 7 10 11 27 22.